4644 8 72 9 19 0 0
4645 9 71 10 20 0 0
4646 11 71 10 20 0 0
4647 12 71 11 20 0 0
4648 14 71 11 21 0 0
4649 15 71 12 21 0 0
4650 17 71 12 20 0 0
4651 18 71 13 20 0 0
4652 19 71 12 20 0 0
4653 21 71 12 20 0 0
4654 23 71 12 21 0 0
4655 23 71 13 21 0 0
4656 24 72 13 21 0 0
4657 25 73 13 21 0 0
4658 26 74 13 21 0 0
4659 27 75 14 21 0 0
4660 28 76 14 20 0 0
4661 29 77 14 19 0 0
4662 30 78 14 21 0 0
4663 31 79 14 20 0 0
4664 32 80 14 20 0 0
4665 33 81 15 20 0 0
4666 34 85 15 18 0 0
4667 35 87 15 17 0 0
4668 35 86 15 19 0 0
4669 35 88 15 18 0 0
4670 36 90 15 17 0 0
4671 38 91 14 18 0 0
4672 37 92 15 18 0 0
4673 38 93 15 17 0 0
4674 38 95 15 18 0 0
4675 39 97 14 18 0 0
4676 39 97 15 17 0 0
4677 39 100 16 17 0 0
4678 40 100 15 18 0 0
4679 38 102 17 19 0 0
4680 40 105 15 17 0 0
4681 40 106 15 18 0 0
4682 41 107 14 18 0 0
4683 41 110 15 16 0 0
4684 41 111 15 17 0 0
4685 41 113 14 17 0 0
4686 42 115 14 16 0 0
4687 42 115 13 17 0 0
4688 41 117 14 16 0 0
4689 42 118 13 16 0 0
4690 40 119 14 17 0 0
4691 40 120 15 17 0 0
4692 40 121 14 17 0 0
4693 40 122 14 17 0 0
4694 39 123 15 17 0 0
4695 39 124 14 18 0 0
4696 39 125 14 18 0 0
4697 39 126 14 19 0 0
4698 38 128 14 18 0 0
4699 37 130 14 18 0 0
4700 36 132 14 18 0 0
4701 36 134 14 18 0 0
4702 35 136 14 18 0 0
4703 34 138 14 18 0 0
4704 34 141 13 17 0 0
4705 33 142 13 18 0 0
4706 32 145 14 18 0 0
4707 32 146 13 19 0 0
4708 31 148 13 18 0 0
4709 31 151 13 17 0 0
4710 29 151 15 18 0 0
4711 29 151 13 18 0 0
4712 29 151 13 19 0 0
4713 29 150 12 19 0 0
4714 29 151 12 18 0 0
4715 29 151 12 18 0 0
4716 27 150 14 17 0 0
4717 27 149 14 18 0 0
4718 26 148 16 19 0 0
4719 26 148 15 18 0 0
4720 28 147 14 18 0 0
4721 28 146 14 18 0 0
4722 28 145 15 19 0 0
4723 29 145 14 19 0 0
4724 30 145 15 18 0 0
4725 31 144 15 20 0 0
4726 32 145 15 18 0 0
4727 33 144 16 18 0 0
4728 34 143 16 19 0 0
4729 35 143 15 19 0 0
4730 36 143 14 20 0 0
4731 36 143 15 18 0 0
4732 37 143 15 18 0 0
4733 37 142 15 18 0 0
4734 38 141 14 19 0 0
4735 38 140 14 20 0 0
4736 38 140 14 20 0 0
4737 38 139 14 20 0 0
4738 38 139 15 20 0 0
4739 39 138 14 20 0 0
4740 37 138 16 20 0 0
4741 37 136 16 22 0 0
4742 38 135 15 21 0 0
4743 37 134 15 21 0 0
4744 37 135 15 20 0 0
4745 36 134 16 21 0 0
4746 36 134 16 20 0 0
4747 36 132 16 21 0 0
4748 35 133 17 21 0 0
4749 35 132 17 22 0 0
4750 34 132 18 20 0 0
4751 34 131 18 22 0 0
4752 34 132 18 22 0 0
4753 35 131 18 22 0 0
4754 37 131 15 21 0 0
4755 36 129 17 22 0 0
4756 35 131 16 21 0 0
4757 35 130 16 23 0 0
4758 35 128 15 23 0 0
4759 34 128 16 22 0 0
4760 34 126 16 21 0 0
4761 33 124 16 21 0 0
4762 32 122 16 23 0 0
4763 30 120 17 22 0 0
4764 30 118 16 21 0 0
4765 31 116 15 21 0 0
4766 30 112 14 20 0 0
4767 29 111 15 20 0 0
4768 27 106 15 22 0 0
4769 27 104 13 22 0 0
4770 26 101 14 22 0 0
4771 25 100 15 21 0 0
4772 25 99 16 20 0 0
4773 25 97 15 22 0 0
4774 25 95 15 21 0 0
4775 27 93 15 22 0 0
4776 28 91 16 23 0 0
4777 29 91 16 22 0 0
4778 32 89 15 23 0 0
4779 33 88 17 23 0 0
4780 37 87 16 22 0 0
4781 38 85 16 22 0 0
4782 40 84 16 22 0 0
4783 43 82 16 22 0 0
4784 46 81 16 21 0 0
4785 46 80 16 21 0 0
4786 50 78 18 21 0 0
4787 52 77 17 21 0 0
4788 53 76 19 22 0 0
4789 56 77 15 22 0 0
4790 55 74 20 23 0 0
4791 57 74 17 23 0 0
4792 57 76 17 21 0 0
4793 58 76 17 22 0 0
4794 57 75 17 23 0 0
4795 58 74 16 23 0 0
4796 58 74 16 23 0 0
4797 58 73 15 23 0 0
4798 58 73 16 23 0 0
4799 56 72 16 24 0 0
4800 58 72 13 23 0 0
4801 56 72 16 22 0 0
4802 55 71 16 23 0 0
4803 55 71 15 21 0 0
4804 54 69 15 23 0 0
4805 54 68 15 22 0 0
4806 53 68 16 22 0 0
4807 53 68 15 22 0 0
4808 52 69 14 21 0 0
4809 52 69 14 21 0 0
4810 50 69 17 22 0 0
4811 51 70 16 22 0 0
4812 52 70 16 21 0 0
4813 54 71 15 21 0 0
4814 53 71 17 22 0 0
4815 55 71 16 22 0 0
4816 55 72 17 22 0 0
4817 62 72 15 23 0 0
4818 64 74 15 20 0 0
4819 65 76 16 20 0 0
4820 68 78 16 20 0 0
4820 376 249 14 17 1 0
4821 72 78 14 21 0 0
4821 379 252 14 17 1 0
4822 74 79 15 22 0 0
4822 381 252 14 17 1 0
4823 77 80 15 21 0 0
4823 382 252 14 17 1 0
4824 78 80 16 22 0 0
4824 381 250 14 16 1 0
4825 82 82 15 21 0 0
4825 382 251 13 17 1 0
4826 83 82 17 21 0 0
4826 382 251 14 15 1 0
4827 84 82 16 22 0 0
4827 383 253 13 16 1 0
4828 86 83 16 23 0 0
4828 385 254 14 16 1 0
4829 89 85 15 20 0 0
4829 385 256 13 16 1 0
4830 90 85 19 22 0 0
4830 385 257 13 16 1 0
4831 93 86 17 23 0 0
4831 387 261 11 16 1 0
4832 92 87 18 23 0 0
4832 388 264 15 14 1 0
4833 94 89 16 22 0 0
4833 389 266 13 13 1 0
4834 95 89 16 22 0 0
4834 389 268 13 15 1 0
4835 97 89 16 23 0 0
4835 390 269 12 16 1 0
4836 98 90 15 22 0 0
4836 389 270 13 16 1 0
4837 100 90 14 23 0 0
4837 390 270 12 15 1 0
4838 100 92 15 21 0 0
4838 391 271 12 15 1 0
4839 101 92 15 23 0 0
4839 391 273 12 15 1 0
4840 102 94 15 21 0 0
4840 392 273 12 15 1 0
4841 103 95 15 22 0 0
4841 393 274 11 15 1 0
4842 103 96 16 23 0 0
4842 392 276 12 15 1 0
4843 103 98 16 23 0 0
4843 393 279 11 14 1 0
4844 104 101 15 20 0 0
4844 393 280 12 14 1 0
4845 105 102 14 22 0 0
4845 394 280 11 15 1 0
4846 104 104 16 21 0 0
4846 393 283 11 14 1 0
4847 105 106 15 22 0 0
4847 393 284 11 14 1 0
4848 105 108 14 22 0 0
4848 392 286 11 14 1 0
4849 104 110 14 21 0 0
4849 390 287 11 14 1 0
4850 104 111 14 21 0 0
4850 389 288 11 14 1 0
4851 103 113 14 22 0 0
4851 389 289 11 15 1 0
4852 103 115 14 23 0 0
4852 388 292 11 14 1 0
4853 102 117 16 20 0 0
4853 386 293 12 15 1 0
4854 100 119 15 23 0 0
4854 385 296 12 14 1 0
4855 99 122 15 21 0 0
4855 384 297 12 15 1 0
4856 99 123 13 21 0 0
4856 382 298 12 15 1 0
4857 97 124 13 21 0 0
4857 380 299 13 15 1 0
4858 95 126 14 19 0 0
4858 378 299 13 15 1 0
4859 95 126 13 20 0 0
4859 376 300 13 15 1 0
4860 93 126 14 20 0 0
4860 375 301 13 16 1 0
4861 91 126 14 20 0 0
4861 372 301 14 16 1 0
4862 92 124 14 19 0 0
4862 370 298 14 16 1 0
4863 90 121 15 22 0 0
4863 369 296 13 16 1 0
4864 89 119 15 23 0 0
4864 368 295 13 16 1 0
4865 87 120 15 22 0 0
4865 366 295 14 16 1 0
4866 87 120 15 23 0 0
4866 365 294 14 17 1 0
4867 85 120 16 23 0 0
4867 364 295 14 16 1 0
4868 86 123 14 22 0 0
4868 363 297 14 17 1 0
4869 85 127 15 21 0 0
4869 361 299 15 16 1 0
4870 84 130 14 21 0 0
4870 358 302 15 17 1 0
4871 83 132 15 22 0 0
4871 358 304 15 18 1 0
4872 83 135 14 20 0 0
4872 356 306 16 17 1 0
4873 83 137 13 20 0 0
4873 356 307 16 18 1 0
4874 84 140 11 18 0 0
4874 354 310 16 17 1 0
4875 82 139 15 18 0 0
4875 354 310 16 18 1 0
4876 83 137 15 22 0 0
4876 353 310 17 18 1 0
4877 83 139 14 22 0 0
4877 354 310 16 18 1 0
4878 84 138 13 21 0 0
4878 355 310 16 18 1 0
4879 84 138 15 21 0 0
4879 354 310 16 18 1 0
4880 84 137 15 22 0 0
4880 353 311 17 18 1 0
4881 85 139 13 20 0 0
4881 353 311 17 19 1 0
4882 86 139 14 21 0 0
4882 353 312 17 19 1 0
4883 86 139 14 21 0 0
4883 352 312 17 19 1 0
4884 86 138 15 22 0 0
4884 351 312 18 19 1 0
4885 86 138 16 20 0 0
4885 350 311 18 19 1 0
4886 87 136 15 22 0 0
4886 350 311 18 20 1 0
4887 87 135 15 22 0 0
4887 350 310 18 19 1 0
4888 88 133 15 22 0 0
4888 349 308 19 20 1 0
4889 88 130 15 22 0 0
4889 350 305 19 19 1 0
4890 88 128 15 22 0 0
4890 350 305 19 20 1 0
4891 88 126 15 22 0 0
4891 350 304 17 17 1 0
4892 89 123 15 22 0 0
4892 352 303 15 15 1 0
4893 90 122 15 22 0 0
4893 352 301 18 19 1 0
4894 90 121 15 22 0 0
4894 352 299 18 19 1 0
4895 90 121 15 22 0 0
4895 351 299 18 19 1 0
4896 90 120 15 22 0 0
4896 351 298 18 19 1 0
4897 90 119 15 22 0 0
4897 350 296 18 19 1 0
4898 88 117 15 22 0 0
4898 351 295 17 19 1 0
4899 87 116 15 22 0 0
4899 349 293 17 19 1 0
4900 86 113 15 22 0 0
4900 348 289 17 19 1 0
4901 86 112 12 22 0 0
4901 346 288 16 16 1 0
4902 83 110 12 22 0 0
4902 344 284 17 18 1 0
4903 81 107 13 22 0 0
4903 341 281 17 18 1 0
4904 79 105 13 22 0 0
4904 340 278 16 18 1 0
4905 76 104 13 22 0 0
4905 337 277 16 18 1 0
4906 74 104 13 22 0 0
4906 335 276 16 18 1 0
4907 72 104 13 22 0 0
4907 333 273 16 18 1 0
4908 70 106 13 22 0 0
4908 331 275 16 18 1 0
4909 68 109 14 20 0 0
4909 329 275 16 18 1 0
4910 67 110 14 20 0 0
4910 327 275 15 18 1 0
4911 66 111 14 20 0 0
4911 326 276 15 17 1 0
4912 65 112 14 19 0 0
4912 324 276 15 17 1 0
4913 64 113 14 19 0 0
4913 323 277 15 17 1 0
4914 63 114 14 19 0 0
4914 323 277 15 17 1 0
4915 62 115 13 20 0 0
4915 323 277 15 17 1 0
4916 62 118 12 17 0 0
4916 324 277 14 17 1 0
4917 62 117 12 18 0 0
4917 323 277 14 17 1 0
4918 62 115 13 20 0 0
4918 323 276 14 17 1 0
4919 62 113 13 21 0 0
4919 323 276 14 17 1 0
4920 62 111 13 22 0 0
4920 322 276 14 17 1 0
4921 63 112 13 20 0 0
4921 321 274 14 17 1 0
4922 62 111 14 18 0 0
4922 321 272 15 18 1 0
4923 63 108 13 20 0 0
4923 320 270 15 18 1 0
4924 63 104 13 21 0 0
4924 320 268 15 18 1 0
4925 63 102 13 20 0 0
4925 319 266 15 18 1 0
4926 64 100 13 20 0 0
4926 319 264 15 18 1 0
4927 64 98 13 20 0 0
4927 318 262 15 18 1 0
4928 64 96 13 20 0 0
4928 318 260 15 18 1 0
4929 65 95 13 19 0 0
4929 317 260 15 18 1 0
4930 65 93 13 19 0 0
4930 317 258 15 18 1 0
4931 65 91 13 19 0 0
4931 316 258 15 18 1 0
4932 65 89 13 19 0 0
4932 316 256 15 18 1 0
4933 66 87 13 20 0 0
4933 315 255 15 18 1 0
4934 67 85 13 20 0 0
4934 315 253 15 18 1 0
4935 67 83 13 20 0 0
4935 315 251 15 18 1 0
4936 68 82 13 19 0 0
4936 316 249 15 18 1 0
4937 69 80 13 20 0 0
4937 314 245 15 18 1 0
4938 70 78 12 20 0 0
4938 314 244 16 18 1 0
4939 71 76 12 20 0 0
4939 315 241 16 18 1 0
4940 72 75 12 20 0 0
4940 315 240 16 18 1 0
4941 72 75 12 19 0 0
4941 316 239 16 18 1 0
4942 72 74 14 20 0 0
4942 317 237 16 18 1 0
4943 74 74 13 20 0 0
4943 317 237 16 18 1 0
4944 75 73 11 21 0 0
4944 318 235 16 18 1 0
4945 75 72 13 22 0 0
4945 319 234 16 18 1 0
4946 75 73 15 23 0 0
4946 320 234 16 18 1 0
4947 76 73 13 22 0 0
4947 320 235 16 18 1 0
4948 77 75 14 21 0 0
4948 321 237 16 18 1 0
4949 77 74 15 24 0 0
4949 322 238 16 18 1 0
4950 78 77 15 22 0 0
4950 322 239 16 18 1 0
4951 78 78 15 23 0 0
4951 322 240 16 18 1 0
4952 78 78 16 22 0 0
4952 322 240 16 18 1 0
4953 79 78 14 23 0 0
4953 322 240 16 18 1 0
4954 78 78 15 22 0 0
4954 321 240 16 18 1 0
4955 78 77 16 22 0 0
4955 319 239 16 18 1 0
4956 78 76 15 22 0 0
4956 320 239 15 18 1 0
4957 78 76 15 22 0 0
4957 319 239 15 18 1 0
4958 78 76 15 22 0 0
4958 318 239 15 17 1 0
4959 78 75 15 21 0 0
4959 318 239 14 18 1 0
4960 79 74 13 21 0 0
4960 316 239 15 17 1 0
4961 79 75 13 20 0 0
4961 315 239 14 18 1 0
4962 79 75 13 21 0 0
4962 314 239 15 18 1 0
4963 79 76 13 21 0 0
4963 315 239 13 17 1 0
4964 79 75 13 22 0 0
4964 313 239 15 17 1 0
4965 79 76 14 20 0 0
4965 314 240 14 16 1 0
4966 79 77 14 21 0 0
4966 314 240 14 17 1 0
4967 80 78 13 21 0 0
4967 315 242 13 17 1 0
4968 80 79 13 21 0 0
4968 316 244 13 15 1 0
4969 80 82 14 21 0 0
4969 315 245 14 17 1 0
4970 80 83 14 21 0 0
4970 316 247 13 17 1 0
4971 82 84 13 21 0 0
4971 316 250 15 14 1 0
4972 82 85 14 22 0 0
4972 316 251 14 14 1 0
4973 84 87 14 20 0 0
4973 316 252 15 18 1 0
4974 85 86 14 23 0 0
4974 315 254 16 16 1 0
4975 85 86 14 24 0 0
4975 317 254 16 17 1 0
4976 84 86 15 23 0 0
4976 317 252 17 19 1 0
4977 87 84 13 23 0 0
4977 318 251 17 19 1 0
4978 87 83 14 22 0 0
4978 318 250 16 19 1 0
4979 87 81 15 23 0 0
4979 318 249 14 19 1 0
4980 88 81 14 22 0 0
4980 318 249 15 18 1 0
4981 89 79 15 22 0 0
4981 319 247 14 17 1 0
4982 90 78 13 21 0 0
4982 318 246 16 18 1 0
4983 91 78 13 21 0 0
4983 319 245 17 18 1 0
4984 92 77 14 20 0 0
4984 320 245 17 18 1 0
4985 92 76 14 20 0 0
4985 320 244 16 17 1 0
4986 94 73 13 20 0 0
4986 321 243 16 16 1 0
4987 95 72 13 21 0 0
4987 321 242 16 16 1 0
4988 95 72 13 20 0 0
4988 320 238 18 18 1 0
4989 96 70 13 20 0 0
4989 321 238 17 17 1 0
4990 96 68 13 21 0 0
4990 321 237 17 17 1 0
4991 96 67 13 20 0 0
4991 321 235 17 16 1 0
4992 96 66 13 20 0 0
4992 320 234 17 17 1 0
4993 96 65 13 20 0 0
4993 320 233 18 17 1 0
4994 96 65 13 20 0 0
4994 320 231 19 18 1 0
4995 96 65 13 20 0 0
4995 320 230 19 18 1 0
4996 96 64 13 20 0 0
4996 320 229 19 18 1 0
4997 96 63 12 20 0 0
4997 320 229 19 18 1 0
4998 97 63 12 20 0 0
4998 320 229 19 18 1 0
4999 96 64 13 20 0 0
4999 320 229 19 18 1 0
5000 98 64 12 20 0 0
5000 320 228 19 18 1 0
5001 99 64 12 20 0 0
5001 320 228 19 18 1 0
5002 99 64 12 20 0 0
5002 320 229 19 18 1 0
5003 100 64 12 20 0 0
5003 320 230 19 17 1 0
5004 100 64 13 21 0 0
5004 320 230 19 18 1 0
5005 100 64 13 21 0 0
5005 320 231 19 18 1 0
5006 100 64 13 21 0 0
5006 320 232 19 18 1 0
5007 101 64 13 21 0 0
5007 320 232 19 17 1 0
5008 101 65 13 21 0 0
5008 321 232 19 18 1 0
5009 102 65 13 21 0 0
5009 318 232 19 18 1 0
5010 103 65 13 21 0 0
5010 321 231 19 18 1 0
5011 104 65 13 21 0 0
5011 319 233 18 17 1 0
5012 106 65 13 21 0 0
5012 320 231 18 18 1 0
5013 107 64 13 21 0 0
5013 318 230 18 18 1 0
5014 107 62 13 21 0 0
5014 322 231 18 17 1 0
5015 108 61 13 21 0 0
5015 320 229 17 15 1 0
5016 108 57 13 21 0 0
5016 320 228 17 17 1 0
5017 108 56 13 21 0 0
5017 320 226 18 18 1 0
5018 109 55 13 21 0 0
5018 319 226 18 17 1 0
5019 110 55 13 21 0 0
5019 318 228 18 17 1 0
5020 110 57 13 21 0 0
5020 317 230 18 18 1 0
5021 110 60 13 21 0 0
5021 315 233 18 18 1 0
5022 111 62 13 21 0 0
5022 314 237 18 17 1 0
5023 113 66 12 21 0 0
5023 313 239 18 17 1 0
5024 113 70 12 21 0 0
5024 313 243 18 18 1 0
5025 114 73 12 21 0 0
5025 315 245 18 17 1 0
5026 115 75 12 21 0 0
5026 315 250 18 17 1 0
5027 118 77 12 21 0 0
5027 316 252 18 17 1 0
5028 119 78 12 21 0 0
5028 318 252 18 18 1 0
5029 121 79 12 21 0 0
5029 322 254 18 17 1 0
5030 123 80 12 21 0 0
5030 324 255 18 17 1 0
5031 125 81 12 21 0 0
5031 325 256 18 17 1 0
5032 126 81 12 21 0 0
5032 326 256 18 18 1 0
5033 129 82 12 21 0 0
5033 326 256 17 17 1 0
5034 130 81 12 21 0 0
5034 324 256 17 17 1 0
5035 131 81 12 21 0 0
5035 331 255 17 17 1 0
5036 131 80 12 21 0 0
5036 331 254 17 17 1 0
5037 133 79 12 21 0 0
5037 327 253 17 17 1 0
5038 134 77 12 21 0 0
5038 327 253 17 17 1 0
5039 134 76 12 21 0 0
5039 327 250 17 17 1 0
5040 134 74 12 21 0 0
5040 331 248 17 17 1 0
5041 134 72 12 21 0 0
5041 330 246 17 17 1 0
5042 133 69 12 21 0 0
5042 329 244 17 17 1 0
5043 132 66 12 21 0 0
5043 323 241 17 18 1 0
5044 132 65 12 21 0 0
5044 321 241 17 17 1 0
5045 130 64 12 21 0 0
5045 323 239 17 17 1 0
5046 130 63 12 21 0 0
5046 320 238 17 17 1 0
5047 130 62 12 21 0 0
5047 321 237 17 17 1 0
5048 130 61 12 21 0 0
5048 318 235 17 17 1 0
5049 130 59 12 21 0 0
5049 321 235 17 17 1 0
5050 130 59 12 21 0 0
5050 319 234 17 17 1 0
5051 128 59 12 21 0 0
5051 318 231 17 17 1 0
5052 129 59 12 21 0 0
5052 319 231 17 17 1 0
5053 128 59 12 21 0 0
5053 317 231 17 17 1 0
5054 128 60 12 21 0 0
5054 318 232 17 17 1 0
5055 128 60 12 21 0 0
5055 318 233 16 17 1 0
5056 127 60 12 21 0 0
5056 319 235 16 17 1 0
5057 126 61 12 21 0 0
5057 316 237 16 17 1 0
5058 126 62 12 21 0 0
5058 317 238 16 16 1 0
5059 126 63 12 21 0 0
5059 317 238 16 17 1 0
5060 127 65 12 21 0 0
5060 313 238 16 17 1 0
5061 127 67 12 21 0 0
5061 313 240 16 17 1 0
5062 127 68 12 21 0 0
5062 312 243 16 16 1 0
5063 127 69 12 21 0 0
5063 312 246 16 17 1 0
5064 128 70 12 21 0 0
5064 311 243 16 17 1 0
5065 128 72 12 21 0 0
5065 313 246 16 17 1 0
5066 129 73 12 21 0 0
5066 313 249 16 16 1 0
5067 129 76 12 21 0 0
5067 313 251 16 17 1 0
5068 130 77 12 21 0 0
5068 312 254 16 17 1 0
5069 130 77 12 21 0 0
5069 314 254 16 16 1 0
5070 130 77 12 23 0 0
5070 314 254 16 15 1 0
5071 133 79 12 23 0 0
5071 318 254 17 16 1 0
5072 134 81 12 23 0 0
5072 319 256 16 14 1 0
5073 136 81 12 23 0 0
5073 318 257 16 14 1 0
5074 136 81 12 23 0 0
5074 319 257 15 14 1 0
5075 136 81 12 23 0 0
5075 319 257 14 15 1 0
5076 139 82 12 23 0 0
5076 322 259 13 14 1 0
5077 140 82 12 23 0 0
5077 319 259 15 16 1 0
5078 141 82 12 23 0 0
5078 323 261 15 14 1 0
5079 141 85 12 21 0 0
5079 323 261 15 15 1 0
5080 142 86 12 21 0 0
5080 324 263 15 16 1 0
5081 144 86 12 21 0 0
5081 324 263 15 16 1 0
5082 145 86 12 21 0 0
5082 324 264 15 16 1 0
5083 145 86 12 21 0 0
5083 325 263 15 17 1 0
5084 146 86 12 21 0 0
5084 324 264 16 15 1 0
5085 147 86 12 21 0 0
5085 325 265 15 14 1 0
5086 148 87 12 21 0 0
5086 325 265 15 14 1 0
5087 147 87 12 21 0 0
5087 325 265 15 14 1 0
5088 148 87 12 21 0 0
5088 325 265 15 14 1 0
5089 148 89 12 21 0 0
5089 324 265 16 15 1 0
5090 149 89 12 21 0 0
5090 325 268 15 16 1 0
5091 149 89 12 21 0 0
5091 325 269 15 16 1 0
5092 149 90 12 21 0 0
5092 325 269 15 16 1 0
5093 150 91 12 21 0 0
5093 325 269 15 16 1 0
5094 150 92 12 22 0 0
5094 324 269 15 16 1 0
5095 149 92 12 22 0 0
5095 323 270 15 16 1 0
5096 148 92 12 22 0 0
5096 323 269 15 16 1 0
5097 148 92 12 22 0 0
5097 322 269 15 16 1 0
5098 148 92 12 22 0 0
5098 320 268 15 16 1 0
5099 147 92 12 22 0 0
5099 320 269 15 16 1 0
5100 147 92 12 22 0 0
5100 319 269 15 16 1 0
5101 146 92 12 22 0 0
5101 318 269 15 16 1 0
5102 146 92 12 22 0 0
5102 318 269 15 16 1 0
5103 145 93 12 22 0 0
5103 317 270 15 16 1 0
5104 144 94 12 22 0 0
5104 316 270 15 16 1 0
5105 143 95 12 22 0 0
5105 315 272 15 16 1 0
5106 144 96 12 22 0 0
5106 314 273 15 16 1 0
5107 143 98 12 22 0 0
5107 314 274 15 16 1 0
5108 143 100 12 22 0 0
5108 313 276 15 16 1 0
5109 142 101 12 22 0 0
5109 313 277 15 16 1 0
5110 142 102 12 22 0 0
5110 312 277 15 16 1 0
5111 141 102 12 22 0 0
5111 311 277 16 16 1 0
5112 141 102 12 22 0 0
5112 311 276 15 16 1 0
5113 140 102 12 22 0 0
5113 312 274 15 16 1 0
5114 141 100 12 22 0 0
5114 311 272 15 16 1 0
5115 141 98 12 22 0 0
5115 311 270 15 16 1 0
5116 141 96 12 22 0 0
5116 311 269 15 16 1 0
5117 140 95 12 22 0 0
5117 311 268 15 16 1 0
5118 140 95 12 22 0 0
5118 311 267 15 16 1 0
5119 140 95 12 22 0 0
5119 311 267 15 16 1 0
5120 140 95 12 22 0 0
5120 311 268 15 16 1 0
5121 141 96 12 22 0 0
5121 308 269 15 16 1 0
5122 140 100 12 22 0 0
5122 310 270 16 16 1 0
5123 141 100 12 22 0 0
5123 309 270 15 16 1 0
5124 141 100 12 22 0 0
5124 309 272 16 16 1 0
5125 141 100 12 22 0 0
5125 310 272 15 16 1 0
5126 141 100 12 22 0 0
5126 309 272 16 16 1 0
5127 141 100 12 22 0 0
5127 310 272 15 16 1 0
5128 141 100 12 22 0 0
5128 309 273 15 16 1 0
5129 140 103 12 22 0 0
5129 305 273 15 16 1 0
5130 140 103 12 22 0 0
5130 304 274 15 16 1 0
5131 140 103 12 22 0 0
5131 304 275 15 16 1 0
5132 140 103 12 22 0 0
5132 307 276 15 16 1 0
5133 141 105 12 22 0 0
5133 302 276 16 16 1 0
5134 141 106 12 22 0 0
5134 301 279 15 16 1 0
5135 141 108 12 22 0 0
5135 298 280 16 16 1 0
5136 141 108 12 22 0 0
5136 298 283 15 16 1 0
5137 141 108 12 22 0 0
5137 299 283 16 16 1 0
5138 141 110 12 22 0 0
5138 299 281 15 16 1 0
5139 141 110 12 22 0 0
5139 300 281 16 16 1 0
5140 141 111 12 22 0 0
5140 301 282 16 16 1 0
5141 142 112 12 22 0 0
5141 302 282 16 16 1 0
5142 145 111 12 22 0 0
5142 302 283 16 16 1 0
5143 145 111 12 22 0 0
5143 302 283 16 16 1 0
5144 145 111 12 22 0 0
5144 303 283 16 16 1 0
5145 146 112 12 22 0 0
5145 303 283 16 16 1 0
5146 146 113 12 22 0 0
5146 303 284 16 16 1 0
5147 147 113 12 22 0 0
5147 303 284 16 16 1 0
5148 147 115 12 22 0 0
5148 302 285 16 16 1 0
5149 146 115 12 22 0 0
5149 302 286 16 16 1 0
5150 146 115 12 22 0 0
5150 302 286 16 16 1 0
5151 146 115 12 22 0 0
5151 301 286 16 16 1 0
5152 146 115 12 22 0 0
5152 301 286 16 16 1 0
5153 147 115 12 22 0 0
5153 300 286 16 16 1 0
5154 146 115 12 22 0 0
5154 299 286 16 16 1 0
5155 145 115 12 22 0 0
5155 298 286 16 16 1 0
5156 145 115 12 22 0 0
5156 297 286 16 16 1 0
5157 144 115 12 22 0 0
5157 297 285 16 16 1 0
5158 144 114 12 22 0 0
5158 297 285 16 16 1 0
5159 143 114 12 22 0 0
5159 295 285 16 16 1 0
5160 142 114 12 22 0 0
5160 293 285 16 16 1 0
5161 141 114 12 22 0 0
5161 292 287 16 16 1 0
5162 140 117 12 22 0 0
5162 291 287 16 16 1 0
5163 139 118 12 22 0 0
5163 292 289 15 14 1 0
5164 138 119 12 22 0 0
5164 287 291 16 16 1 0
5165 138 122 12 22 0 0
5165 287 292 16 16 1 0
5166 138 122 12 22 0 0
5166 287 294 16 16 1 0
5167 138 124 12 22 0 0
5167 284 296 16 16 1 0
5168 138 127 12 22 0 0
5168 287 299 16 16 1 0
5169 137 128 12 22 0 0
5169 290 299 16 16 1 0
5170 137 130 12 22 0 0
5170 289 301 16 16 1 0
5171 137 130 12 22 0 0
5171 289 302 16 16 1 0
5172 137 133 12 22 0 0
5172 289 302 16 16 1 0
5173 136 133 12 22 0 0
5173 288 303 16 16 1 0
5174 136 135 12 22 0 0
5174 288 303 16 16 1 0
5175 136 135 12 22 0 0
5175 287 303 16 16 1 0
5176 135 134 12 22 0 0
5176 285 303 16 16 1 0
5177 134 133 12 22 0 0
5177 284 302 16 16 1 0
5178 133 132 12 22 0 0
5178 283 300 16 16 1 0
5179 132 131 12 22 0 0
5179 281 298 16 16 1 0
5180 132 129 12 22 0 0
5180 277 297 16 16 1 0
5181 130 127 12 22 0 0
5181 279 294 16 16 1 0
5182 129 125 12 22 0 0
5182 278 292 16 16 1 0
5183 129 123 12 22 0 0
5183 277 289 16 16 1 0
5184 128 121 12 22 0 0
5184 275 288 16 16 1 0
5185 126 119 12 22 0 0
5185 274 285 16 16 1 0
5186 124 116 12 22 0 0
5186 272 282 16 16 1 0
5187 124 114 12 22 0 0
5187 272 281 16 16 1 0
5188 123 112 12 22 0 0
5188 271 279 16 16 1 0
5189 123 112 12 22 0 0
5189 270 277 16 16 1 0
5190 122 110 12 22 0 0
5190 269 276 16 16 1 0
5191 120 109 12 22 0 0
5191 268 275 15 15 1 0
5192 120 108 12 22 0 0
5192 267 274 16 16 1 0
5193 119 108 12 22 0 0
5193 266 273 16 16 1 0
5194 118 108 12 22 0 0
5194 265 273 15 15 1 0
5195 118 107 12 22 0 0
5195 265 272 16 16 1 0
5196 118 106 12 22 0 0
5196 264 271 15 15 1 0
5197 117 105 12 22 0 0
5197 263 270 15 15 1 0
5198 117 105 12 22 0 0
5198 262 270 16 16 1 0
5199 117 105 12 22 0 0
5199 262 269 15 15 1 0
5200 117 103 12 22 0 0
5200 261 269 15 15 1 0
5201 117 103 12 22 0 0
5201 261 268 15 15 1 0
5202 117 102 12 22 0 0
5202 263 268 15 15 1 0
5203 117 100 12 22 0 0
5203 262 267 15 15 1 0
5204 116 100 12 22 0 0
5204 262 266 15 15 1 0
5205 116 100 12 22 0 0
5205 262 265 15 15 1 0
5206 116 99 12 22 0 0
5206 263 265 14 14 1 0
5207 119 97 11 22 0 0
5207 261 263 15 15 1 0
5208 119 96 11 22 0 0
5208 261 261 15 15 1 0
5209 119 95 11 22 0 0
5209 262 261 14 14 1 0
5210 118 92 11 22 0 0
5210 261 258 15 15 1 0
5211 119 90 11 22 0 0
5211 262 256 14 14 1 0
5212 119 87 11 22 0 0
5212 261 254 14 14 1 0
5213 119 85 11 22 0 0
5213 260 251 15 15 1 0
5214 119 82 11 22 0 0
5214 261 249 14 14 1 0
5215 119 79 11 22 0 0
5215 261 246 14 14 1 0
5216 120 77 11 22 0 0
5216 261 244 14 14 1 0
5217 120 75 11 22 0 0
5217 262 242 14 14 1 0
5218 121 74 11 22 0 0
5218 261 239 14 14 1 0
5219 121 72 11 22 0 0
5219 262 239 14 14 1 0
5220 122 72 11 22 0 0
5220 262 238 14 13 1 0
5221 122 71 11 22 0 0
5221 263 236 14 14 1 0
5222 123 70 11 22 0 0
5222 263 235 14 14 1 0
5223 123 69 11 22 0 0
5223 263 234 13 13 1 0
5224 123 68 11 22 0 0
5224 262 234 14 13 1 0
5225 122 71 11 19 0 0
5225 262 234 14 14 1 0
5226 122 69 12 21 0 0
5226 261 234 14 14 1 0
5227 122 68 12 21 0 0
5227 261 234 14 14 1 0
5228 122 67 12 21 0 0
5228 260 234 14 14 1 0
5229 123 67 12 21 0 0
5229 260 234 14 14 1 0
5230 123 67 12 21 0 0
5230 259 234 14 14 1 0
5231 123 67 12 21 0 0
5231 259 234 14 14 1 0
5232 123 67 12 21 0 0
5232 259 234 14 14 1 0
5233 123 67 12 21 0 0
5233 258 233 14 14 1 0
5234 123 66 12 21 0 0
5234 258 233 14 14 1 0
5235 123 66 12 21 0 0
5235 258 232 14 14 1 0
5236 123 65 12 21 0 0
5236 258 230 14 15 1 0
5237 123 64 12 21 0 0
5237 258 228 14 15 1 0
5238 123 63 12 21 0 0
5238 258 227 14 15 1 0
5239 123 62 12 21 0 0
5239 258 224 14 15 1 0
5240 123 61 12 21 0 0
5240 259 225 14 15 1 0
5241 124 61 12 21 0 0
5241 259 224 14 15 1 0
5242 125 61 12 21 0 0
5242 259 223 14 14 1 0
5243 125 61 12 21 0 0
5243 259 223 14 14 1 0
5244 126 62 12 21 0 0
5244 260 223 14 14 1 0
5245 126 62 12 21 0 0
5245 261 224 14 14 1 0
5246 126 62 12 21 0 0
5246 262 225 14 14 1 0
5247 126 62 12 21 0 0
5247 262 225 14 14 1 0
5248 127 62 12 21 0 0
5248 262 225 14 14 1 0
5249 128 62 12 21 0 0
5249 262 224 14 14 1 0
5250 127 61 12 21 0 0
5250 262 223 14 14 1 0
5251 127 59 12 21 0 0
5251 261 222 14 14 1 0
5252 127 59 12 21 0 0
5252 261 221 14 14 1 0
5253 127 57 12 21 0 0
5253 260 220 14 14 1 0
5254 127 57 12 21 0 0
5254 260 218 14 15 1 0
5255 127 56 12 21 0 0
5255 260 217 14 15 1 0
5256 128 55 12 21 0 0
5256 259 216 14 15 1 0
5257 128 54 12 21 0 0
5257 259 216 14 15 1 0
5258 129 52 12 21 0 0
5258 258 215 14 15 1 0
5259 129 51 12 21 0 0
5259 258 214 14 15 1 0
5260 129 50 12 21 0 0
5260 258 213 14 15 1 0
5261 129 51 12 19 0 0
5261 258 212 14 15 1 0
5262 130 48 12 22 0 0
5262 258 212 14 15 1 0
5263 131 48 12 22 0 0
5263 259 212 14 15 1 0
5264 133 48 12 22 0 0
5264 260 212 14 15 1 0
5265 134 48 12 22 0 0
5265 260 213 14 15 1 0
5266 135 49 12 22 0 0
5266 261 213 14 14 1 0
5267 136 50 12 22 0 0
5267 262 214 14 14 1 0
5268 137 51 12 22 0 0
5268 262 213 14 14 1 0
5269 137 52 12 22 0 0
5269 264 215 14 14 1 0
5270 138 55 14 20 0 0
5270 265 216 14 14 1 0
5271 139 57 14 20 0 0
5271 266 215 14 14 1 0
5272 140 58 14 20 0 0
5272 268 217 14 15 1 0
5273 141 60 14 20 0 0
5273 272 220 14 15 1 0
5274 142 61 14 20 0 0
5274 270 221 14 15 1 0
5275 143 64 14 20 0 0
5275 272 223 14 15 1 0
5276 144 66 14 20 0 0
5276 273 225 14 15 1 0
5277 144 68 14 20 0 0
5277 271 227 14 15 1 0
5278 144 70 14 20 0 0
5278 273 229 14 15 1 0
5279 145 71 14 20 0 0
5279 272 230 14 15 1 0
5280 144 72 14 20 0 0
5280 271 231 14 15 1 0
5281 144 73 14 20 0 0
5281 270 232 14 15 1 0
5282 143 73 14 20 0 0
5282 269 233 14 15 1 0
5283 143 73 14 20 0 0
5283 268 233 14 15 1 0
5284 142 73 14 20 0 0
5284 267 233 14 15 1 0
5285 142 73 14 20 0 0
5285 266 233 14 15 1 0
5286 142 73 14 20 0 0
5286 265 234 14 15 1 0
5287 141 74 14 20 0 0
5287 263 235 14 15 1 0
5288 141 74 14 20 0 0
5288 263 235 14 15 1 0
5289 141 75 14 20 0 0
5289 262 235 13 15 1 0
5290 140 77 14 20 0 0
5290 263 238 13 14 1 0
5291 140 77 14 20 0 0
5291 262 238 13 15 1 0
5292 140 78 14 20 0 0
5292 261 239 13 15 1 0
5293 140 79 14 20 0 0
5293 261 240 13 15 1 0
5294 140 80 14 20 0 0
5294 261 241 13 15 1 0
5295 140 81 14 20 0 0
5295 261 242 13 15 1 0
5296 140 82 14 20 0 0
5296 261 243 13 15 1 0
5297 140 83 14 20 0 0
5297 261 244 13 15 1 0
5298 142 85 14 20 0 0
5298 261 245 13 15 1 0
5299 142 86 14 20 0 0
5299 261 246 13 14 1 0
5300 143 86 14 20 0 0
5300 262 246 13 14 1 0
5301 143 86 14 20 0 0
5301 262 246 13 14 1 0
5302 144 86 14 20 0 0
5302 262 246 13 15 1 0
5303 145 86 14 20 0 0
5303 262 246 13 15 1 0
5304 146 86 14 20 0 0
5304 262 246 13 15 1 0
5305 146 86 14 20 0 0
5305 262 245 13 15 1 0
5306 147 85 14 20 0 0
5306 262 245 13 15 1 0
5307 147 85 14 20 0 0
5307 262 245 13 15 1 0
5308 148 84 14 20 0 0
5308 262 245 13 14 1 0
5309 148 83 14 20 0 0
5309 262 244 13 14 1 0
5310 148 83 14 20 0 0
5310 262 243 13 14 1 0
5311 149 82 14 20 0 0
5311 262 242 13 14 1 0
5312 149 82 14 20 0 0
5312 262 242 13 14 1 0
5313 150 81 14 20 0 0
5313 263 242 13 14 1 0
5314 150 80 14 20 0 0
5314 263 242 13 14 1 0
5315 150 80 14 20 0 0
5315 264 242 13 14 1 0
5316 150 80 14 20 0 0
5316 264 240 13 14 1 0
5317 150 80 14 20 0 0
5317 264 240 13 14 1 0
5318 151 80 14 20 0 0
5318 264 240 13 14 1 0
5319 151 80 14 20 0 0
5319 264 240 13 14 1 0
5320 152 80 14 20 0 0
5320 263 239 13 14 1 0
5321 152 80 14 20 0 0
5321 261 239 13 14 1 0
5322 152 80 14 20 0 0
5322 262 240 13 14 1 0
5323 152 80 14 20 0 0
5323 262 241 13 14 1 0
5324 152 80 14 20 0 0
5324 261 241 13 14 1 0
5325 152 81 14 20 0 0
5325 261 241 13 14 1 0
5326 152 82 14 20 0 0
5326 260 242 13 14 1 0
5327 152 82 14 20 0 0
5327 260 241 13 14 1 0
5328 153 82 14 20 0 0
5328 260 241 13 14 1 0
5329 153 82 14 20 0 0
5329 260 242 13 14 1 0
5330 154 82 14 20 0 0
5330 262 243 13 14 1 0
5331 154 82 14 20 0 0
5331 261 243 13 14 1 0
5332 153 81 14 20 0 0
5332 261 243 13 14 1 0
5333 154 81 14 20 0 0
5333 260 242 13 14 1 0
5334 154 81 14 20 0 0
5334 258 241 13 14 1 0
5335 154 81 14 20 0 0
5335 257 242 13 14 1 0
5336 155 79 14 20 0 0
5336 258 242 13 14 1 0
5337 155 79 14 20 0 0
5337 258 242 13 14 1 0
5338 155 80 14 20 0 0
5338 258 242 13 14 1 0
5339 156 80 14 20 0 0
5339 258 241 13 14 1 0
5340 157 80 14 20 0 0
5340 257 243 13 14 1 0
5341 157 80 14 20 0 0
5341 258 242 13 14 1 0
5342 157 80 14 20 0 0
5342 258 243 13 14 1 0
5343 158 81 14 20 0 0
5343 260 243 13 14 1 0
5344 159 82 14 20 0 0
5344 261 245 13 13 1 0
5345 159 84 14 20 0 0
5345 261 246 13 13 1 0
5346 159 86 14 20 0 0
5346 262 246 13 13 1 0
5347 159 87 14 20 0 0
5347 263 246 13 13 1 0
5348 159 87 14 20 0 0
5348 262 247 13 13 1 0
5349 159 87 14 20 0 0
5349 263 246 13 13 1 0
5350 159 87 14 20 0 0
5350 263 246 13 13 1 0
5351 161 87 14 20 0 0
5351 265 246 13 13 1 0
5352 162 88 14 20 0 0
5352 265 246 13 14 1 0
5353 162 88 14 20 0 0
5353 265 246 13 13 1 0
5354 163 88 14 20 0 0
5354 266 246 13 13 1 0
5355 162 88 14 20 0 0
5355 265 246 13 13 1 0
5356 162 89 14 19 0 0
5356 265 246 13 13 1 0
5357 162 89 14 19 0 0
5357 264 245 13 13 1 0
5358 160 87 14 19 0 0
5358 263 245 13 13 1 0
5359 159 87 14 19 0 0
5359 262 244 13 13 1 0
5360 157 87 14 19 0 0
5360 260 244 13 13 1 0
5361 157 87 14 19 0 0
5361 259 243 13 13 1 0
5362 156 87 14 19 0 0
5362 257 245 13 12 1 0
5363 156 87 14 19 0 0
5363 256 245 13 12 1 0
5364 152 87 14 19 0 0
5364 254 245 13 13 1 0
5365 153 88 14 19 0 0
5365 254 245 13 13 1 0
5366 152 89 14 19 0 0
5366 252 247 13 13 1 0
5367 152 90 14 19 0 0
5367 251 247 13 13 1 0
5368 151 91 14 19 0 0
5368 250 248 13 13 1 0
5369 150 91 14 19 0 0
5369 250 248 13 13 1 0
5370 150 91 14 19 0 0
5370 249 249 13 13 1 0
5371 150 91 14 19 0 0
5371 249 250 13 12 1 0
5372 150 91 14 19 0 0
5372 248 250 13 12 1 0
5373 150 92 14 19 0 0
5373 248 251 13 12 1 0
5374 151 93 14 19 0 0
5374 248 251 13 12 1 0
5375 151 93 14 19 0 0
5375 249 252 13 12 1 0
5376 151 95 14 19 0 0
5376 249 253 13 12 1 0
5377 153 96 14 19 0 0
5377 250 252 13 13 1 0
5378 153 96 14 19 0 0
5378 250 253 13 13 1 0
5379 153 96 14 19 0 0
5379 251 253 13 13 1 0
5380 156 95 14 19 0 0
5380 252 253 13 12 1 0
5381 156 95 14 19 0 0
5381 252 253 13 12 1 0
5382 157 95 14 19 0 0
5382 253 253 13 12 1 0
5383 158 96 14 19 0 0
5383 254 252 13 12 1 0
5384 159 94 14 19 0 0
5384 254 252 13 12 1 0
5385 160 93 14 19 0 0
5385 255 251 13 12 1 0
5386 161 93 14 19 0 0
5386 256 250 13 12 1 0
5387 162 92 14 19 0 0
5387 256 248 13 12 1 0
5388 162 90 14 19 0 0
5388 256 248 13 12 1 0
5389 163 88 14 19 0 0
5389 255 246 13 12 1 0
5390 164 88 14 19 0 0
5390 257 245 13 12 1 0
5391 164 87 14 19 0 0
5391 256 244 13 12 1 0
5392 165 83 14 19 0 0
5392 256 241 13 12 1 0
5393 165 80 14 19 0 0
5393 256 240 13 12 1 0
5394 165 79 14 19 0 0
5394 257 237 13 12 1 0
5395 165 77 14 19 0 0
5395 256 235 13 12 1 0
5396 166 75 14 19 0 0
5396 256 233 13 12 1 0
5397 165 74 14 19 0 0
5397 255 232 13 12 1 0
5398 164 74 14 19 0 0
5398 254 231 13 12 1 0
5399 164 72 14 19 0 0
5399 253 231 13 12 1 0
5400 163 72 14 19 0 0
5400 252 231 13 12 1 0
5401 162 74 14 19 0 0
5401 252 231 13 12 1 0
5402 162 74 14 19 0 0
5402 251 230 12 13 1 0
5403 161 74 14 19 0 0
5403 250 232 12 12 1 0
5404 161 74 14 19 0 0
5404 250 232 13 12 1 0
5405 160 75 14 19 0 0
5405 250 233 13 12 1 0
5406 160 75 14 19 0 0
5406 249 234 13 12 1 0
5407 160 76 14 19 0 0
5407 249 234 13 13 1 0
5408 160 76 14 19 0 0
5408 249 236 13 12 1 0
5409 159 79 14 19 0 0
5409 249 236 13 12 1 0
5410 248 235 13 13 1 0
5411 159 79 14 19 0 0
5411 248 236 13 12 1 0
5412 160 77 14 19 0 0
5412 248 234 13 13 1 0
5413 160 77 14 19 0 0
5413 247 234 13 12 1 0
5414 160 77 14 19 0 0
5414 247 233 13 12 1 0
5415 160 77 14 19 0 0
5415 248 233 12 13 1 0
5416 160 77 14 19 0 0
5416 249 233 12 12 1 0
5417 162 75 14 19 0 0
5417 249 231 12 13 1 0
5418 163 73 14 19 0 0
5418 249 231 12 12 1 0
5419 163 73 14 19 0 0
5419 249 231 13 12 1 0
5420 163 73 14 19 0 0
5420 249 230 13 13 1 0
5421 163 73 14 19 0 0
5421 250 231 13 12 1 0
5422 164 74 14 19 0 0
5422 250 230 13 13 1 0
5423 167 73 14 19 0 0
5423 250 231 13 13 1 0
5424 167 73 14 19 0 0
5424 251 231 13 12 1 0
5425 168 74 14 19 0 0
5425 251 231 13 13 1 0
5426 170 73 14 19 0 0
5426 251 231 12 11 1 0
5427 170 73 14 19 0 0
5427 252 230 12 13 1 0
5428 170 73 14 19 0 0
5428 252 229 12 13 1 0
5429 172 73 14 19 0 0
5429 252 230 12 12 1 0
5430 172 73 14 19 0 0
5430 252 229 12 13 1 0
5431 172 73 14 19 0 0
5431 252 229 12 13 1 0
5432 172 73 14 19 0 0
5432 252 228 13 13 1 0
5433 172 73 14 19 0 0
5433 252 228 13 13 1 0
5434 172 73 14 19 0 0
5434 251 229 13 12 1 0
5435 171 73 14 19 0 0
5435 251 226 13 13 1 0
5436 171 72 14 19 0 0
5436 251 226 13 13 1 0
5437 171 72 14 19 0 0
5437 249 225 13 13 1 0
5438 171 70 14 19 0 0
5438 250 225 13 13 1 0
5439 171 69 14 19 0 0
5439 249 224 13 12 1 0
5440 171 68 14 19 0 0
5440 249 222 12 13 1 0
5441 171 67 14 19 0 0
5441 249 222 12 13 1 0
5442 171 66 14 19 0 0
5442 248 223 12 13 1 0
5443 170 66 14 19 0 0
5443 247 223 12 13 1 0
5444 170 66 14 19 0 0
5444 247 223 12 13 1 0
5445 169 67 14 19 0 0
5445 247 224 12 13 1 0
5446 169 68 14 19 0 0
5446 247 224 12 13 1 0
5447 169 69 14 19 0 0
5447 245 224 13 13 1 0
5448 169 69 14 19 0 0
5448 245 226 13 13 1 0
5449 169 70 14 19 0 0
5449 245 226 13 13 1 0
5450 169 71 14 19 0 0
5450 244 226 13 13 1 0
5451 168 72 14 19 0 0
5451 244 228 13 13 1 0
5452 168 73 14 19 0 0
5452 243 228 12 14 1 0
5453 168 73 14 19 0 0
5453 245 228 12 13 1 0
5454 168 73 14 19 0 0
5454 244 228 12 13 1 0
5455 167 74 14 19 0 0
5455 243 230 12 13 1 0
5456 167 74 14 19 0 0
5456 242 230 12 13 1 0
5457 167 74 14 19 0 0
5457 242 230 12 14 1 0
5458 167 74 14 19 0 0
5458 241 231 12 13 1 0
5459 167 74 14 19 0 0
5459 239 230 12 13 1 0
5460 166 74 14 19 0 0
5460 237 230 12 14 1 0
5461 167 73 14 19 0 0
5461 239 229 13 13 1 0
5462 167 71 14 19 0 0
5462 239 229 13 14 1 0
5463 167 72 14 19 0 0
5463 238 229 13 13 1 0
5464 167 72 14 19 0 0
5464 239 228 13 13 1 0
5465 167 72 14 19 0 0
5465 239 227 12 14 1 0
5466 168 71 14 19 0 0
5466 241 227 12 13 1 0
5467 169 69 14 19 0 0
5467 241 225 12 14 1 0
5468 171 66 14 19 0 0
5468 242 223 12 13 1 0
5469 171 66 14 19 0 0
5469 243 221 12 13 1 0
5470 173 64 14 19 0 0
5470 244 220 12 14 1 0
5471 174 62 14 19 0 0
5471 245 218 12 13 1 0
5472 175 60 14 19 0 0
5472 246 217 12 14 1 0
5473 176 60 14 19 0 0
5473 248 215 12 14 1 0
5474 178 59 14 19 0 0
5474 248 214 12 13 1 0
5475 179 58 14 19 0 0
5475 248 212 13 14 1 0
5476 181 57 14 19 0 0
5476 249 212 13 13 1 0
5477 183 57 14 19 0 0
5477 250 212 12 12 1 0
5478 182 60 14 19 0 0
5478 250 212 14 13 1 0
5479 182 59 14 19 0 0
5479 251 214 13 13 1 0
5480 182 61 14 19 0 0
5480 250 214 14 12 1 0
5481 182 62 14 19 0 0
5481 250 215 13 12 1 0
5482 183 61 14 19 0 0
5482 250 215 13 12 1 0
5483 183 61 14 19 0 0
5483 250 215 13 12 1 0
5484 183 61 14 19 0 0
5484 250 215 13 12 1 0
5485 184 60 14 19 0 0
5485 250 213 13 12 1 0
5486 185 59 14 19 0 0
5486 249 212 13 13 1 0
5487 185 56 14 19 0 0
5487 249 209 12 12 1 0
5488 184 53 14 19 0 0
5488 249 209 11 13 1 0
5489 184 53 14 19 0 0
5489 248 206 12 13 1 0
5490 184 52 14 19 0 0
5490 248 205 13 14 1 0
5491 185 50 14 19 0 0
5491 247 204 13 13 1 0
5492 185 48 14 19 0 0
5492 247 203 13 12 1 0
5493 185 47 14 19 0 0
5493 246 202 14 12 1 0
5494 185 47 14 19 0 0
5494 247 201 13 11 1 0
5495 185 47 14 19 0 0
5495 247 201 13 11 1 0
5496 185 46 14 19 0 0
5496 247 200 13 12 1 0
5497 186 46 14 19 0 0
5497 247 200 13 12 1 0
5498 186 46 14 19 0 0
5498 247 200 13 12 1 0
5499 186 45 14 19 0 0
5499 247 200 13 13 1 0
5500 186 45 14 19 0 0
5500 247 199 12 12 1 0
5501 187 45 14 19 0 0
5501 246 199 13 13 1 0
5502 187 45 14 19 0 0
5502 246 199 13 12 1 0
5503 188 45 14 19 0 0
5503 246 200 13 11 1 0
5504 188 45 14 19 0 0
5504 246 200 13 12 1 0
5505 187 46 15 19 0 0
5505 245 200 14 12 1 0
5506 189 46 14 19 0 0
5506 245 200 13 12 1 0
5507 189 46 14 19 0 0
5507 244 199 14 13 1 0
5508 189 46 14 19 0 0
5508 244 199 14 13 1 0
5509 190 46 14 19 0 0
5509 245 200 13 13 1 0
5510 191 46 15 19 0 0
5510 245 200 13 13 1 0
5511 192 46 14 19 0 0
5511 246 199 13 14 1 0
5512 193 47 14 19 0 0
5512 246 200 13 14 1 0
5513 194 47 14 19 0 0
5513 246 199 13 14 1 0
5514 195 48 14 19 0 0
5514 247 202 13 13 1 0
5515 195 48 15 19 0 0
5515 249 200 13 13 1 0
5516 198 47 14 19 0 0
5516 251 199 13 13 1 0
5517 199 46 14 19 0 0
5517 251 201 13 13 1 0
5518 200 46 14 19 0 0
5518 251 200 13 14 1 0
5519 201 46 14 19 0 0
5519 252 198 13 14 1 0
5520 201 44 15 19 0 0
5520 252 199 14 13 1 0
5521 203 44 14 19 0 0
5521 253 198 13 13 1 0
5522 204 42 14 19 0 0
5522 254 198 13 13 1 0
5523 204 42 14 19 0 0
5523 254 197 13 13 1 0
5524 205 42 14 19 0 0
5524 254 197 13 13 1 0
5525 205 40 15 19 0 0
5525 254 197 13 13 1 0
5526 207 40 14 19 0 0
5526 254 194 13 14 1 0
5527 208 40 14 19 0 0
5527 255 195 13 13 1 0
5528 209 39 14 19 0 0
5528 255 193 13 13 1 0
5529 210 37 14 19 0 0
5529 256 192 14 13 1 0
5530 210 36 15 19 0 0
5530 258 191 13 13 1 0
5531 212 36 14 19 0 0
5531 257 190 14 14 1 0
5532 213 35 14 19 0 0
5532 258 191 13 13 1 0
5533 214 35 14 19 0 0
5533 259 192 13 13 1 0
5534 214 37 14 19 0 0
5534 259 192 13 13 1 0
5535 214 37 15 19 0 0
5535 258 194 13 13 1 0
5536 215 39 14 19 0 0
5536 258 195 13 13 1 0
5537 215 40 14 19 0 0
5537 258 197 13 13 1 0
5538 215 42 14 19 0 0
5538 258 197 13 13 1 0
5539 215 43 14 19 0 0
5539 257 199 13 12 1 0
5540 213 44 15 19 0 0
5540 256 198 14 13 1 0
5541 214 45 14 19 0 0
5541 254 201 15 12 1 0
5542 213 45 14 19 0 0
5542 253 202 14 12 1 0
5543 213 47 14 19 0 0
5543 253 204 14 12 1 0
5544 212 47 14 19 0 0
5544 251 204 14 12 1 0
5545 210 49 15 19 0 0
5545 250 205 14 11 1 0
5546 210 49 14 19 0 0
5546 248 206 14 12 1 0
5547 210 49 14 19 0 0
5547 247 205 14 13 1 0
5548 209 49 14 19 0 0
5548 246 205 14 13 1 0
5549 208 49 14 19 0 0
5549 245 205 14 13 1 0
5550 209 49 13 19 0 0
5550 244 205 14 13 1 0
5551 207 49 14 19 0 0
5551 243 205 14 12 1 0
5552 207 49 14 19 0 0
5552 242 207 14 10 1 0
5553 207 49 14 19 0 0
5553 242 206 14 11 1 0
5554 207 51 14 19 0 0
5554 241 206 14 13 1 0
5555 206 51 15 19 0 0
5555 241 207 14 13 1 0
5556 207 51 14 19 0 0
5556 241 208 14 12 1 0
5557 207 52 14 19 0 0
5557 241 209 14 12 1 0
5558 208 52 14 19 0 0
5558 241 210 14 11 1 0
5559 209 54 14 19 0 0
5559 241 210 14 12 1 0
5560 208 54 15 19 0 0
5560 242 210 14 12 1 0
5561 210 54 14 19 0 0
5561 241 210 15 12 1 0
5562 211 55 14 19 0 0
5562 242 211 14 12 1 0
5563 212 55 14 19 0 0
5563 242 212 14 13 1 0
5564 212 56 14 19 0 0
5564 243 213 14 12 1 0
5565 212 57 15 19 0 0
5565 244 213 14 12 1 0
5566 214 57 14 19 0 0
5566 244 215 14 12 1 0
5567 215 58 14 19 0 0
5567 244 215 14 12 1 0
5568 216 58 14 19 0 0
5568 245 214 14 12 1 0
5569 217 59 14 19 0 0
5569 245 215 14 11 1 0
5570 217 59 15 19 0 0
5570 246 215 14 13 1 0
5571 219 60 14 19 0 0
5571 247 216 13 12 1 0
5572 220 61 14 19 0 0
5572 247 217 14 11 1 0
5573 221 61 14 19 0 0
5573 247 219 14 12 1 0
5574 222 63 14 19 0 0
5574 247 219 14 12 1 0
5575 221 63 15 19 0 0
5575 248 218 14 13 1 0
5576 223 63 14 19 0 0
5576 248 218 14 13 1 0
5577 222 63 15 19 0 0
5577 248 220 14 12 1 0
5578 224 63 14 19 0 0
5578 248 220 14 12 1 0
5579 225 63 14 19 0 0
5579 249 219 14 12 1 0
5580 224 63 15 19 0 0
5580 249 219 14 12 1 0
5581 225 64 14 19 0 0
5581 249 220 14 12 1 0
5582 225 64 15 19 0 0
5582 249 220 14 13 1 0
5583 226 65 14 19 0 0
5583 249 221 14 12 1 0
5584 226 65 14 19 0 0
5584 249 221 14 12 1 0
5585 225 65 15 19 0 0
5585 249 221 14 12 1 0
5586 227 65 14 19 0 0
5586 250 221 14 12 1 0
5587 225 67 15 19 0 0
5587 249 223 14 12 1 0
5588 226 67 14 19 0 0
5588 248 223 14 11 1 0
5589 226 67 14 19 0 0
5589 247 222 15 12 1 0
5590 225 67 15 19 0 0
5590 247 223 15 11 1 0
5591 225 69 14 19 0 0
5591 247 223 14 12 1 0
5592 224 68 15 19 0 0
5592 246 224 15 12 1 0
5593 224 68 14 19 0 0
5593 245 224 15 12 1 0
5594 224 68 14 19 0 0
5594 245 224 15 12 1 0
5595 222 68 15 19 0 0
5595 244 222 15 12 1 0
5596 223 68 14 19 0 0
5596 243 223 14 12 1 0
5597 221 69 15 19 0 0
5597 242 225 15 12 1 0
5598 222 69 14 19 0 0
5598 241 225 15 12 1 0
5599 221 69 14 19 0 0
5599 240 225 15 12 1 0
5600 220 69 15 19 0 0
5600 240 225 15 12 1 0
5601 221 69 14 19 0 0
5601 239 225 15 12 1 0
5602 220 69 15 19 0 0
5602 239 225 13 11 1 0
5603 221 69 14 19 0 0
5603 238 225 14 12 1 0
5604 221 70 14 19 0 0
5604 237 225 14 12 1 0
5605 219 70 15 19 0 0
5605 238 224 15 12 1 0
5606 220 71 14 19 0 0
5606 237 224 15 12 1 0
5607 220 71 15 19 0 0
5607 238 225 15 12 1 0
5608 221 71 14 19 0 0
5608 238 226 14 12 1 0
5609 221 71 14 19 0 0
5609 236 227 14 12 1 0
5610 221 71 15 19 0 0
5610 238 227 14 12 1 0
5611 222 71 14 19 0 0
5611 238 227 14 12 1 0
5612 222 71 15 19 0 0
5612 237 226 14 12 1 0
5613 224 71 14 19 0 0
5613 237 227 15 12 1 0
5614 225 71 14 19 0 0
5614 238 227 14 12 1 0
5615 225 71 15 19 0 0
5615 238 227 14 12 1 0
5616 226 72 14 19 0 0
5616 239 227 14 12 1 0
5617 225 73 15 19 0 0
5617 240 226 14 12 1 0
5618 227 73 14 19 0 0
5618 240 227 14 12 1 0
5619 227 73 14 19 0 0
5619 241 227 14 12 1 0
5620 227 72 15 19 0 0
5620 240 227 15 12 1 0
5621 228 73 14 19 0 0
5621 240 228 14 12 1 0
5622 227 73 15 19 0 0
5622 239 229 14 12 1 0
5623 228 73 14 19 0 0
5623 239 229 14 12 1 0
5624 228 75 14 19 0 0
5624 239 229 14 12 1 0
5625 227 75 15 19 0 0
5625 240 229 14 12 1 0
5626 229 76 14 19 0 0
5626 240 230 14 12 1 0
5627 228 76 15 19 0 0
5627 239 231 13 12 1 0
5628 229 77 14 19 0 0
5628 239 231 14 12 1 0
5629 229 77 14 19 0 0
5629 238 231 14 12 1 0
5630 228 77 15 19 0 0
5630 238 231 13 12 1 0
5631 229 77 14 19 0 0
5631 238 231 12 12 1 0
5632 228 77 15 19 0 0
5632 238 231 14 12 1 0
5633 229 76 14 19 0 0
5633 237 231 14 11 1 0
5634 230 75 14 19 0 0
5634 237 230 13 11 1 0
5635 228 75 15 19 0 0
5635 237 229 13 12 1 0
5636 230 73 14 19 0 0
5636 237 227 13 12 1 0
5637 229 71 15 19 0 0
5637 237 226 14 12 1 0
5638 230 69 14 19 0 0
5638 236 224 14 12 1 0
5639 230 68 14 19 0 0
5639 236 222 13 12 1 0
5640 229 67 15 19 0 0
5640 236 221 13 12 1 0
5641 230 66 14 19 0 0
5641 236 220 13 12 1 0
5642 229 65 15 19 0 0
5642 236 220 13 12 1 0
5643 230 65 14 19 0 0
5643 236 218 14 12 1 0
5644 230 64 14 19 0 0
5644 235 219 14 12 1 0
5645 229 64 15 19 0 0
5645 235 219 14 12 1 0
5646 230 64 14 19 0 0
5646 235 219 13 12 1 0
5647 229 64 15 19 0 0
5647 234 219 13 12 1 0
5648 230 64 14 19 0 0
5648 234 219 13 12 1 0
5649 230 64 14 19 0 0
5649 234 219 13 12 1 0
5650 229 64 15 19 0 0
5650 234 219 13 12 1 0
5651 230 64 14 19 0 0
5651 234 218 14 12 1 0
5652 229 64 15 19 0 0
5652 234 218 13 12 1 0
5653 230 63 14 19 0 0
5653 233 218 13 12 1 0
5654 229 63 15 19 0 0
5654 233 217 13 12 1 0
5655 229 63 15 19 0 0
5655 232 217 13 12 1 0
5656 231 62 14 19 0 0
5656 232 216 13 12 1 0
5657 230 60 15 19 0 0
5657 232 214 13 12 1 0
5658 231 60 14 19 0 0
5658 233 214 12 12 1 0
5659 230 58 15 19 0 0
5659 232 212 13 12 1 0
5660 233 56 15 19 0 0
5660 232 210 13 12 1 0
5661 233 55 14 19 0 0
5661 232 208 13 12 1 0
5662 233 53 15 19 0 0
5662 231 208 13 12 1 0
5663 233 52 14 19 0 0
5663 231 206 13 12 1 0
5664 234 51 15 19 0 0
5664 232 205 12 12 1 0
5665 234 50 15 19 0 0
5665 232 204 12 12 1 0
5666 235 49 14 19 0 0
5666 231 203 13 12 1 0
5667 235 48 15 19 0 0
5667 230 202 13 12 1 0
5668 236 45 14 19 0 0
5668 230 200 13 12 1 0
5669 236 44 14 19 0 0
5669 230 198 13 12 1 0
5670 234 41 15 19 0 0
5670 230 196 13 12 1 0
5671 236 41 14 19 0 0
5671 231 194 12 12 1 0
5672 236 39 15 19 0 0
5672 231 192 12 12 1 0
5673 237 36 14 19 0 0
5673 231 190 12 12 1 0
5674 237 34 15 19 0 0
5674 230 188 13 12 1 0
5675 237 33 15 19 0 0
5675 231 186 13 12 1 0
5676 237 31 14 19 0 0
5676 230 186 13 12 1 0
5677 237 30 15 19 0 0
5677 232 184 12 12 1 0
5678 237 30 14 19 0 0
5678 232 184 12 12 1 0
5679 238 32 15 19 0 0
5679 232 184 12 12 1 0
5680 240 30 15 19 0 0
5680 233 183 12 12 1 0
5681 240 30 14 19 0 0
5681 233 183 12 12 1 0
5682 241 30 15 19 0 0
5682 232 183 13 12 1 0
5683 240 31 14 19 0 0
5683 234 183 11 11 1 0
5684 242 30 15 19 0 0
5684 234 183 12 12 1 0
5685 243 28 15 19 0 0
5685 234 182 12 11 1 0
5686 243 26 14 19 0 0
5686 235 180 12 12 1 0
5687 244 24 15 19 0 0
5687 235 178 12 11 1 0
5688 244 23 14 19 0 0
5688 235 176 12 12 1 0
5689 245 20 15 19 0 0
5689 234 173 12 13 1 0
5690 246 20 15 19 0 0
5690 235 172 12 12 1 0
5691 246 18 14 19 0 0
5691 235 171 12 11 1 0
5692 247 18 15 19 0 0
5692 235 170 12 11 1 0
5693 247 16 14 19 0 0
5693 234 169 13 11 1 0
5694 248 15 15 19 0 0
5694 235 168 12 11 1 0
5695 250 14 15 19 0 0
5695 235 167 12 12 1 0
5696 251 12 14 19 0 0
5696 235 165 12 12 1 0
5697 251 13 15 19 0 0
5697 235 165 12 12 1 0
5698 251 12 14 19 0 0
5698 235 164 12 12 1 0
5699 253 11 15 19 0 0
5699 236 163 12 12 1 0
5700 255 9 15 19 0 0
5700 237 161 12 12 1 0
5701 257 8 14 19 0 0
5701 238 159 12 12 1 0
5702 259 6 15 19 0 0
5702 239 158 12 12 1 0
5703 260 6 14 19 0 0
5703 240 157 13 12 1 0
5704 262 5 15 19 0 0
5704 241 156 13 12 1 0
5705 264 5 15 19 0 0
5705 242 156 13 12 1 0
5706 266 4 14 19 0 0
5706 243 155 14 11 1 0
5707 267 4 15 19 0 0
5707 246 154 13 11 1 0
5708 269 3 14 19 0 0
5708 248 153 12 11 1 0
5709 271 2 15 19 0 0
5709 250 153 12 12 1 0
5710 272 3 15 17 0 0
5710 251 151 13 12 1 0
5711 275 3 14 16 0 0
5711 253 150 13 12 1 0
5712 275 3 15 15 0 0
5712 254 148 13 12 1 0
5713 276 2 15 16 0 0
5713 255 148 14 12 1 0
5714 278 3 15 15 0 0
5714 257 147 13 12 1 0
5715 278 3 15 13 0 0
5715 258 147 13 12 1 0
5716 280 3 14 14 0 0
5716 259 146 12 11 1 0
5717 281 3 15 13 0 0
5717 259 145 13 13 1 0
5718 280 3 14 13 0 0
5718 259 145 13 11 1 0
5719 282 2 15 14 0 0
5719 259 145 13 10 1 0
5720 280 3 15 12 0 0
5720 259 146 13 9 1 0
5721 281 3 15 11 0 0
5721 260 144 12 11 1 0
5722 283 2 15 12 0 0
5722 260 143 12 11 1 0
5723 283 3 16 7 0 0
5723 260 141 13 12 1 0
5724 288 1 14 8 0 0
5724 261 136 12 12 1 0
5725 262 135 12 12 1 0
5726 262 131 13 13 1 0
5727 263 128 12 13 1 0
5728 263 125 13 13 1 0
5729 264 125 12 12 1 0
5730 264 124 12 12 1 0
5731 265 125 12 11 1 0
5732 265 125 13 11 1 0
5733 265 125 13 11 1 0
5734 265 124 13 12 1 0
5735 266 124 13 10 1 0
5736 267 123 12 11 1 0
5737 268 123 12 13 1 0
5738 268 123 12 12 1 0
5739 268 123 13 11 1 0
5740 270 123 12 12 1 0
5741 270 123 13 12 1 0
5742 271 125 13 11 1 0
5743 272 124 14 12 1 0
5744 274 126 13 12 1 0
5745 275 128 13 12 1 0
5746 276 128 13 13 1 0
5747 278 132 13 12 1 0
5748 319 3 19 8 0 0
5748 279 135 12 13 1 0
5749 322 3 17 9 0 0
5749 281 137 13 12 1 0
5750 324 3 16 10 0 0
5750 282 139 12 13 1 0
5751 326 4 16 11 0 0
5751 283 142 13 12 1 0
5752 330 2 16 16 0 0
5752 286 144 12 12 1 0
5753 331 2 14 19 0 0
5753 287 146 13 13 1 0
5754 332 4 17 20 0 0
5754 288 148 12 13 1 0
5755 335 6 16 19 0 0
5755 288 150 14 13 1 0
5756 336 8 15 19 0 0
5756 291 152 13 12 1 0
5757 337 9 15 19 0 0
5757 291 153 14 12 1 0
5758 341 10 14 19 0 0
5758 293 154 13 11 1 0
5759 341 11 15 19 0 0
5759 294 154 14 11 1 0
5760 344 10 15 19 0 0
5760 295 154 12 11 1 0
5761 344 11 15 19 0 0
5761 296 154 12 11 1 0
5762 346 12 15 19 0 0
5762 296 153 14 13 1 0
5763 347 14 14 19 0 0
5763 297 154 13 13 1 0
5764 348 14 15 19 0 0
5764 297 156 12 12 1 0
5765 349 16 15 19 0 0
5765 297 158 13 11 1 0
5766 351 19 15 19 0 0
5766 297 160 13 11 1 0
5767 351 20 15 19 0 0
5767 297 162 13 11 1 0
5768 352 21 14 19 0 0
5768 297 164 13 11 1 0
5769 352 24 15 19 0 0
5769 297 166 12 11 1 0
5770 352 27 15 19 0 0
5770 297 168 13 11 1 0
5771 352 28 15 19 0 0
5771 297 169 13 11 1 0
5772 352 29 15 19 0 0
5772 298 169 12 12 1 0
5773 353 29 14 19 0 0
5773 298 170 12 12 1 0
5774 353 31 15 19 0 0
5774 297 172 12 12 1 0
5775 353 33 15 19 0 0
5775 297 173 12 11 1 0
5776 354 32 15 19 0 0
5776 297 173 13 12 1 0
5777 355 32 15 19 0 0
5777 297 172 13 12 1 0
5778 355 33 14 19 0 0
5778 298 174 13 11 1 0
5779 356 34 15 19 0 0
5779 298 174 13 10 1 0
5780 355 35 15 19 0 0
5780 298 175 13 11 1 0
5781 356 36 15 19 0 0
5781 298 175 13 12 1 0
5782 355 36 16 19 0 0
5782 298 176 13 11 1 0
5783 356 35 14 19 0 0
5783 298 176 13 11 1 0
5784 356 38 15 19 0 0
5784 299 176 13 11 1 0
5785 358 38 15 19 0 0
5785 299 178 13 11 1 0
5786 357 39 15 19 0 0
5786 299 179 13 11 1 0
5787 359 41 15 19 0 0
5787 299 180 13 11 1 0
5788 359 43 14 19 0 0
5788 299 182 13 11 1 0
5789 359 45 15 19 0 0
5789 298 184 13 10 1 0
5790 361 47 15 19 0 0
5790 298 186 13 11 1 0
5791 360 49 15 19 0 0
5791 298 188 13 11 1 0
5792 361 51 15 19 0 0
5792 298 189 13 11 1 0
5793 360 53 14 19 0 0
5793 297 190 13 10 1 0
5794 361 53 15 19 0 0
5794 297 191 13 11 1 0
5795 360 54 15 19 0 0
5795 296 192 12 11 1 0
5796 361 54 15 19 0 0
5796 295 192 13 11 1 0
5797 361 54 15 19 0 0
5797 294 192 14 11 1 0
5798 362 55 14 19 0 0
5798 293 192 14 11 1 0
5799 362 55 15 19 0 0
5799 293 192 13 11 1 0
5800 362 56 15 19 0 0
5800 292 193 13 10 1 0
5801 362 56 15 19 0 0
5801 292 194 13 11 1 0
5802 362 58 15 19 0 0
5802 292 195 13 11 1 0
5803 362 60 14 19 0 0
5803 292 197 13 11 1 0
5804 363 61 15 19 0 0
5804 292 198 13 11 1 0
5805 363 63 15 19 0 0
5805 291 199 14 11 1 0
5806 363 66 15 19 0 0
5806 291 202 13 11 1 0
5807 363 68 15 19 0 0
5807 291 204 12 11 1 0
5808 363 70 14 19 0 0
5808 291 206 12 10 1 0
5809 364 70 15 19 0 0
5809 291 207 12 10 1 0
5810 364 71 15 19 0 0
5810 292 208 12 10 1 0
5811 365 71 15 19 0 0
5811 292 208 13 11 1 0
5812 366 71 15 19 0 0
5812 293 208 13 10 1 0
5813 367 70 15 19 0 0
5813 294 207 13 11 1 0
5814 368 69 15 19 0 0
5814 295 206 13 10 1 0
5815 370 68 15 19 0 0
5815 296 204 13 11 1 0
5816 371 67 15 19 0 0
5816 297 203 13 12 1 0
5817 370 67 15 19 0 0
5817 298 203 12 12 1 0
5818 372 66 15 19 0 0
5818 298 203 12 11 1 0
5819 373 66 15 19 0 0
5819 299 202 12 11 1 0
5820 374 65 15 19 0 0
5820 300 201 12 10 1 0
5821 376 64 15 19 0 0
5821 301 200 13 11 1 0
5822 376 64 15 19 0 0
5822 302 199 13 11 1 0
5823 380 62 15 19 0 0
5823 303 197 13 12 1 0
5824 381 61 15 19 0 0
5824 303 196 13 12 1 0
5825 382 60 15 19 0 0
5825 304 195 13 13 1 0
5826 383 59 15 19 0 0
5826 305 193 13 12 1 0
5827 384 58 15 19 0 0
5827 305 192 13 12 1 0
5828 385 57 15 19 0 0
5828 306 190 12 13 1 0
5829 386 56 15 19 0 0
5829 306 189 12 12 1 0
5830 387 54 15 19 0 0
5830 307 187 12 12 1 0
5831 388 52 15 19 0 0
5831 307 185 12 13 1 0
5832 389 50 15 19 0 0
5832 307 183 13 12 1 0
5833 390 48 15 19 0 0
5833 308 180 13 12 1 0
5834 391 47 15 19 0 0
5834 308 178 13 13 1 0
5835 391 46 15 19 0 0
5835 307 179 13 12 1 0
5836 391 46 15 19 0 0
5836 307 179 13 12 1 0
5837 392 46 15 19 0 0
5837 307 179 13 12 1 0
5838 391 47 15 19 0 0
5838 307 180 12 12 1 0
5839 389 49 15 19 0 0
5839 306 181 12 12 1 0
5840 389 50 15 19 0 0
5840 305 182 12 12 1 0
5841 387 51 15 19 0 0
5841 305 183 12 12 1 0
5842 388 53 15 19 0 0
5842 304 184 12 12 1 0
5843 387 53 15 19 0 0
5843 303 184 13 12 1 0
5844 386 53 15 19 0 0
5844 302 184 13 12 1 0
5845 386 53 17 19 0 0
5845 302 183 13 12 1 0
5846 385 53 19 19 0 0
5846 301 183 13 12 1 0
5847 383 53 21 19 0 0
5847 300 182 13 12 1 0
5848 386 52 18 19 0 0
5848 300 181 12 12 1 0
5849 386 51 17 19 0 0
5849 299 180 13 12 1 0
5850 386 49 20 19 0 0
5850 299 179 13 12 1 0
5851 385 49 19 19 0 0
5851 299 177 12 12 1 0
5852 385 48 19 19 0 0
5852 299 176 12 12 1 0
5853 385 47 19 17 0 0
5853 298 175 14 11 1 0
5854 385 45 20 19 0 0
5854 299 173 13 12 1 0
5855 387 44 19 19 0 0
5855 299 171 13 12 1 0
5856 387 42 20 19 0 0
5856 300 170 12 11 1 0
5857 387 41 20 19 0 0
5857 300 168 12 11 1 0
5858 389 39 19 19 0 0
5858 300 167 12 11 1 0
5859 389 38 20 19 0 0
5859 300 166 13 11 1 0
5860 389 37 21 19 0 0
5860 302 163 12 12 1 0
5861 391 36 20 19 0 0
5861 302 163 12 12 1 0
5862 392 35 19 18 0 0
5862 302 162 13 11 1 0
5863 393 34 20 19 0 0
5863 303 160 12 11 1 0
5864 394 33 19 19 0 0
5864 303 159 13 12 1 0
5865 395 33 15 19 0 0
5865 304 160 12 10 1 0
5866 397 34 15 19 0 0
5866 304 160 12 10 1 0
5867 399 33 15 19 0 0
5867 305 159 12 11 1 0
5868 398 33 15 19 0 0
5868 305 159 12 11 1 0
5869 400 33 15 19 0 0
5869 306 159 12 11 1 0
5870 402 33 15 19 0 0
5870 307 158 12 12 1 0
5871 401 32 15 19 0 0
5871 307 158 12 10 1 0
5872 403 32 15 19 0 0
5872 308 157 11 11 1 0
5873 404 32 15 19 0 0
5873 308 156 12 11 1 0
5874 405 32 15 19 0 0
5874 308 156 13 11 1 0
5875 405 30 15 19 0 0
5875 308 154 13 11 1 0
5876 407 28 15 19 0 0
5876 310 152 11 11 1 0
5877 408 28 15 19 0 0
5877 309 151 12 11 1 0
5878 409 26 15 19 0 0
5878 310 150 12 11 1 0
5879 412 25 15 19 0 0
5879 311 146 12 12 1 0
5880 413 24 15 19 0 0
5880 310 146 12 10 1 0
5881 414 22 15 19 0 0
5881 311 145 12 11 1 0
5882 415 21 15 19 0 0
5882 312 143 12 11 1 0
5883 416 20 15 19 0 0
5883 313 142 12 11 1 0
5884 416 19 15 19 0 0
5884 313 141 12 11 1 0
5885 416 18 15 19 0 0
5885 312 140 13 10 1 0
5886 415 17 15 19 0 0
5886 313 139 12 11 1 0
5887 416 15 15 19 0 0
5887 313 137 12 11 1 0
5888 417 14 15 19 0 0
5888 313 135 12 11 1 0
5889 417 12 15 19 0 0
5889 312 132 12 11 1 0
5890 417 10 15 19 0 0
5890 312 130 12 11 1 0
5891 417 7 15 19 0 0
5891 311 127 12 11 1 0
5892 418 4 15 19 0 0
5892 311 123 12 11 1 0
5893 418 1 15 18 0 0
5893 310 119 12 11 1 0
5894 419 1 15 14 0 0
5894 309 117 12 11 1 0
5895 419 1 15 12 0 0
5895 309 112 12 11 1 0
